1 0.0
2 0.0
3 0.6546536707079771
4 0.0
5 0.6546536707079771
6 0.0
7 0.0
8 0.6546536707079771
9 0.0
10 0.6546536707079771
11 0.6546536707079771
12 0.0
13 0.0
14 0.0
15 0.0
16 0.0
17 0.6546536707079771
18 0.0
19 0.0
20 0.6546536707079771
21 0.6546536707079771
22 0.6546536707079771
23 0.6546536707079771
24 0.6546536707079771
25 0.6546536707079771
26 0.6546536707079771
27 0.0
28 0.0
29 0.0
30 0.0
31 0.7745966692414834
32 0.0
33 0.0
34 0.0
35 0.0
36 0.8660254037844386
37 0.0
38 0.0
39 0.0
40 0.0
41 0.0
42 0.0
43 0.6546536707079771
44 0.0
45 0.0
